60
0 1
0 2
0 3
0 5
0 6
0 7
0 9
0 11
0 12
0 13
0 49
1 0
1 7
1 34
2 0
2 6
2 8
2 11
2 14
3 0
3 5
3 6
3 8
3 10
3 13
4 6
4 8
4 12
5 0
5 3
5 6
6 0
6 2
6 3
6 4
6 5
6 8
7 0
7 1
7 9
7 53
8 2
8 3
8 4
8 6
8 9
8 11
8 13
9 0
9 7
9 8
9 10
9 12
10 3
10 9
10 13
11 0
11 2
11 8
11 12
11 14
12 0
12 4
12 9
12 11
12 14
13 0
13 3
13 8
13 10
13 14
13 39
14 2
14 11
14 12
14 13
15 16
15 17
15 18
15 21
15 23
15 24
15 25
15 26
15 27
15 28
15 29
16 15
16 17
16 19
16 28
16 29
17 15
17 16
17 19
17 21
17 22
17 25
17 26
17 27
18 15
18 20
18 23
19 16
19 17
19 20
19 21
19 24
19 26
19 28
19 29
20 18
20 19
20 25
20 26
20 28
21 15
21 17
21 19
21 25
22 17
22 23
22 24
23 15
23 18
23 22
23 24
23 29
24 15
24 19
24 22
24 23
24 27
25 15
25 17
25 20
25 21
25 47
26 15
26 17
26 19
26 20
26 28
27 15
27 17
27 24
28 15
28 16
28 19
28 20
28 26
29 15
29 16
29 19
29 23
30 31
30 34
30 35
30 36
30 39
30 40
30 44
31 30
31 35
31 37
31 42
31 43
32 34
32 42
32 43
32 44
33 40
33 42
33 43
33 44
34 1
34 30
34 32
34 42
35 30
35 31
35 38
36 30
36 40
36 43
36 56
37 31
37 39
38 35
38 40
38 42
38 44
39 13
39 30
39 37
39 43
40 30
40 33
40 36
40 38
41 42
42 31
42 32
42 33
42 34
42 38
42 41
43 31
43 32
43 33
43 36
43 39
44 30
44 32
44 33
44 38
45 46
45 48
45 51
45 53
45 54
45 55
45 57
45 58
46 45
46 49
46 57
47 25
47 52
47 53
47 56
47 57
48 45
48 51
48 59
49 0
49 46
49 51
49 54
49 58
50 58
51 45
51 48
51 49
51 53
52 47
53 7
53 45
53 47
53 51
53 56
53 59
54 45
54 49
54 59
55 45
56 36
56 47
56 53
57 45
57 46
57 47
57 58
58 45
58 49
58 50
58 57
58 59
59 48
59 53
59 54
59 58
